A = [0 -7 5; 0 4 7; -4 3 -7]