r = 17.3/2
CD = 0.47
